# List of the IR data from remote control

###PANASONIC CS-286CF
AC ON COLD
#define RAW_DATA_LEN 440
uint16_t rawData[RAW_DATA_LEN]={3470, 1742, 438, 434, 438, 1310, 438, 434, 438, 434, 438, 438, 434, 438, 438, 438, 434, 434, 438, 438, 434, 438, 438, 434, 438, 438, 434, 438, 438, 1306, 438, 438, 438, 434, 438, 438, 434, 438, 434, 438, 438, 434, 438, 434, 438, 1310, 438, 1310, 438, 1306, 438, 434, 438, 438, 438, 1310, 434, 438, 434, 438, 438, 434, 438, 434, 438, 438, 434, 438, 462, 410, 438, 434, 438, 438, 438, 434, 438, 434, 438, 438, 438, 434, 438, 434, 438, 438, 434, 438, 438, 434, 438, 434, 438, 434, 438, 438, 438, 434, 438, 438, 438, 434, 438, 434, 438, 434, 438, 438, 434, 438, 438, 434, 438, 434, 466, 410, 438, 1310, 434, 1310, 438, 434, 438, 438, 434, 438, 446, 426, 438, 434, 438, 10042, 3470, 1742, 434, 438, 434, 1310, 438, 434, 438, 438, 434, 438, 438, 434, 438, 434, 438, 438, 434, 438, 438, 434, 438, 434, 438, 438, 438, 434, 438, 1306, 442, 434, 438, 434, 438, 434, 438, 438, 438, 434, 438, 434, 438, 434, 438, 1310, 438, 1310, 434, 1310, 438, 434, 438, 438, 434, 1310, 438, 434, 438, 438, 434, 438, 438, 434, 438, 438, 438, 430, 438, 438, 438, 434, 442, 430, 438, 438, 438, 434, 438, 434, 438, 434, 442, 1306, 438, 434, 438, 438, 438, 430, 442, 1306, 438, 1310, 438, 434, 462, 410, 438, 438, 438, 1306, 438, 434, 438, 438, 438, 1306, 438, 1310, 438, 434, 438, 434, 438, 438, 438, 434, 438, 434, 438, 434, 438, 438, 438, 434, 438, 434, 462, 1286, 438, 1306, 438, 434, 462, 1286, 438, 438, 438, 434, 438, 434, 438, 1310, 434, 438, 438, 434, 438, 434, 438, 438, 438, 434, 438, 434, 438, 434, 438, 434, 442, 434, 438, 434, 438, 434, 438, 434, 442, 434, 438, 434, 438, 438, 434, 438, 438, 434, 438, 434, 438, 1310, 438, 1310, 434, 438, 438, 434, 438, 434, 438, 434, 438, 434, 438, 438, 438, 434, 438, 434, 438, 434, 442, 434, 438, 1306, 438, 1310, 438, 434, 438, 438, 438, 430, 442, 434, 438, 434, 438, 434, 438, 438, 438, 434, 438, 434, 442, 434, 438, 434, 438, 434, 438, 434, 438, 438, 438, 434, 438, 434, 438, 438, 434, 438, 438, 434, 438, 434, 438, 438, 438, 434, 438, 434, 438, 434, 438, 1310, 438, 434, 438, 434, 438, 438, 438, 434, 462, 410, 438, 434, 442, 434, 462, 410, 438, 434, 438, 1310, 458, 1290, 438, 430, 462, 414, 438, 434, 438, 434, 438, 434, 442, 434, 438, 1306, 462, 414, 438, 1310, 458, 1286, 462, 410, 462, 410, 438, 438, 438, 1000};

AC ON HOT
#define RAW_DATA_LEN 440
uint16_t rawData[RAW_DATA_LEN]={3502, 1738, 442, 430, 442, 1306, 442, 430, 442, 430, 442, 434, 442, 430, 442, 430, 442, 430, 442, 434, 442, 430, 442, 430, 442, 434, 442, 430, 442, 1302, 446, 430, 442, 430, 442, 430, 442, 434, 442, 430, 442, 430, 442, 434, 442, 1302, 442, 1306, 442, 1302, 446, 430, 442, 430, 442, 1306, 442, 430, 442, 430, 442, 430, 442, 434, 442, 430, 442, 430, 442, 434, 442, 430, 442, 430, 442, 434, 438, 434, 442, 430, 442, 434, 438, 434, 442, 430, 442, 430, 442, 434, 442, 430, 442, 430, 442, 434, 442, 430, 442, 430, 442, 434, 438, 434, 442, 430, 442, 430, 442, 434, 442, 430, 442, 430, 442, 430, 442, 1306, 442, 1306, 442, 430, 442, 430, 442, 434, 438, 434, 442, 430, 442, 10010, 3502, 1738, 438, 434, 442, 1302, 442, 434, 438, 434, 438, 438, 438, 434, 438, 434, 442, 430, 442, 430, 442, 434, 442, 430, 442, 430, 442, 434, 442, 1302, 442, 430, 442, 434, 442, 430, 442, 430, 442, 430, 442, 434, 442, 430, 442, 1306, 442, 1302, 442, 1306, 442, 430, 442, 434, 442, 1302, 442, 430, 442, 434, 438, 434, 442, 430, 442, 430, 442, 434, 438, 434, 442, 430, 442, 430, 442, 434, 442, 430, 442, 430, 442, 434, 442, 1302, 442, 434, 442, 430, 442, 430, 442, 434, 438, 434, 442, 1302, 442, 434, 438, 434, 442, 430, 442, 1306, 442, 1302, 442, 1306, 442, 1306, 438, 434, 442, 430, 442, 430, 442, 430, 442, 434, 442, 430, 442, 430, 442, 434, 438, 434, 442, 1302, 442, 1306, 442, 430, 442, 1306, 442, 430, 442, 430, 442, 1306, 442, 430, 442, 1306, 442, 430, 442, 430, 446, 426, 446, 430, 442, 430, 442, 434, 442, 430, 442, 430, 442, 430, 442, 434, 442, 430, 442, 430, 442, 430, 442, 434, 442, 430, 442, 430, 442, 434, 442, 1302, 442, 1306, 442, 430, 442, 430, 442, 434, 442, 430, 442, 430, 442, 434, 438, 434, 442, 430, 442, 430, 442, 434, 442, 1302, 442, 1306, 442, 430, 442, 1306, 438, 434, 442, 430, 442, 430, 442, 434, 442, 430, 442, 430, 442, 430, 442, 434, 442, 430, 442, 434, 442, 430, 442, 430, 442, 430, 442, 430, 446, 430, 442, 430, 442, 434, 442, 430, 442, 430, 442, 430, 442, 434, 442, 430, 442, 1306, 442, 430, 442, 430, 442, 434, 438, 434, 442, 430, 442, 430, 442, 434, 442, 430, 442, 430, 442, 1306, 442, 1302, 442, 430, 442, 434, 442, 430, 442, 430, 442, 434, 442, 1302, 442, 430, 442, 1306, 442, 434, 442, 1302, 442, 430, 442, 430, 442, 1306, 442, 1000};

AC OFF
#define RAW_DATA_LEN 440
uint16_t rawData[RAW_DATA_LEN]={3506, 1734, 446, 426, 446, 1298, 450, 426, 446, 426, 446, 426, 450, 426, 446, 426, 446, 426, 450, 426, 450, 422, 450, 422, 450, 426, 446, 426, 446, 1298, 450, 426, 446, 426, 450, 422, 450, 426, 450, 422, 450, 422, 450, 426, 450, 1294, 450, 1298, 446, 1298, 450, 426, 450, 422, 450, 1298, 446, 426, 450, 422, 450, 426, 450, 422, 450, 426, 446, 426, 450, 422, 450, 422, 450, 426, 450, 422, 450, 422, 450, 426, 450, 422, 450, 422, 450, 426, 446, 426, 450, 422, 450, 426, 446, 426, 450, 422, 450, 426, 446, 426, 450, 422, 450, 426, 446, 426, 450, 422, 450, 426, 446, 426, 450, 422, 450, 426, 446, 1298, 450, 1298, 446, 426, 450, 422, 450, 426, 450, 422, 450, 422, 450, 10002, 3514, 1702, 474, 422, 450, 1298, 450, 422, 450, 426, 446, 426, 450, 422, 450, 422, 454, 422, 450, 422, 454, 418, 450, 426, 450, 422, 450, 422, 450, 1298, 450, 422, 450, 426, 446, 426, 450, 422, 450, 422, 450, 426, 450, 422, 450, 1298, 450, 1298, 446, 1298, 450, 422, 450, 426, 446, 1298, 450, 426, 446, 426, 446, 426, 450, 422, 450, 426, 446, 426, 450, 422, 450, 426, 446, 426, 450, 422, 450, 426, 446, 426, 450, 422, 450, 426, 450, 422, 446, 426, 450, 426, 446, 426, 446, 426, 450, 1298, 446, 426, 450, 422, 450, 426, 446, 1298, 450, 1298, 446, 1298, 450, 1298, 446, 426, 450, 426, 446, 426, 450, 422, 450, 426, 446, 426, 450, 422, 450, 422, 450, 426, 446, 1302, 446, 1298, 446, 426, 450, 1298, 446, 426, 450, 426, 446, 1298, 450, 426, 446, 1298, 446, 426, 450, 426, 446, 426, 450, 422, 450, 426, 446, 426, 450, 422, 450, 426, 446, 426, 450, 422, 450, 426, 446, 426, 450, 422, 450, 422, 450, 426, 450, 422, 450, 422, 450, 1298, 450, 1298, 446, 426, 450, 422, 450, 426, 446, 426, 446, 426, 450, 426, 446, 426, 446, 426, 450, 426, 446, 426, 446, 1298, 450, 1298, 446, 426, 450, 1298, 446, 426, 450, 422, 450, 426, 446, 426, 446, 426, 450, 426, 446, 426, 450, 426, 446, 426, 446, 426, 446, 426, 450, 426, 446, 426, 446, 426, 450, 426, 446, 426, 446, 426, 450, 422, 450, 426, 446, 426, 450, 422, 450, 426, 446, 1298, 450, 426, 446, 426, 446, 426, 450, 426, 446, 426, 446, 426, 450, 422, 450, 426, 446, 426, 450, 1298, 446, 1298, 450, 426, 446, 426, 450, 422, 450, 426, 446, 426, 446, 426, 446, 430, 446, 1298, 446, 430, 450, 1294, 446, 426, 450, 426, 446, 1298, 446, 1000};

---------------------------------------


###NEC RE0206 (8M ROOM)
LED ON FULL
#define RAW_DATA_LEN 68
uint16_t rawData[RAW_DATA_LEN]={8954, 4474, 554, 558, 558, 1674, 558, 558, 582, 534, 558, 558, 586, 534, 554, 558, 562, 1674, 558, 1674, 554, 562, 554, 1678, 554, 1678, 554, 558, 558, 1674, 554, 1678, 554, 562, 554, 562, 554, 1678, 554, 1674, 558, 558, 558, 558, 582, 1654, 554, 558, 558, 1674, 558, 1674, 582, 534, 558, 558, 558, 1674, 558, 1670, 586, 530, 562, 1674, 558, 558, 554, 1000};

LED OFF
#define RAW_DATA_LEN 68
uint16_t rawData[RAW_DATA_LEN]={8974, 4450, 558, 554, 582, 1650, 558, 558, 558, 558, 558, 558, 558, 558, 558, 558, 558, 1674, 562, 1670, 582, 562, 558, 1642, 582, 1654, 550, 590, 558, 1646, 554, 1678, 530, 610, 562, 530, 578, 1650, 554, 1678, 534, 1694, 538, 1694, 562, 1666, 602, 542, 506, 1698, 602, 1626, 606, 538, 510, 606, 506, 610, 506, 610, 506, 610, 506, 1698, 602, 542, 534, 1000};

LED ON NIGHT
#define RAW_DATA_LEN 68
uint16_t rawData[RAW_DATA_LEN]={8978, 4446, 554, 586, 530, 1702, 530, 586, 530, 586, 530, 586, 530, 590, 530, 586, 530, 1698, 530, 1702, 530, 586, 530, 1698, 530, 1702, 530, 586, 530, 1698, 530, 1702, 530, 586, 530, 586, 530, 586, 530, 1702, 530, 1698, 530, 1702, 530, 1702, 526, 586, 530, 1702, 530, 1702, 526, 1702, 530, 586, 530, 586, 530, 586, 530, 586, 530, 1702, 530, 586, 530, 1000};

LED TIMER 30
define RAW_DATA_LEN 68
uint16_t rawData[RAW_DATA_LEN]={8954, 4470, 582, 534, 558, 1674, 554, 558, 582, 534, 582, 534, 558, 558, 582, 534, 558, 1674, 558, 1674, 578, 534, 558, 1674, 578, 1654, 554, 558, 558, 1678, 554, 1674, 554, 558, 558, 1674, 578, 1654, 578, 1650, 554, 1678, 554, 558, 582, 1650, 554, 562, 554, 1674, 558, 558, 558, 558, 558, 558, 582, 534, 558, 1674, 554, 562, 554, 1674, 558, 558, 558, 1000};

LED TIMER 60
#define RAW_DATA_LEN 68
uint16_t rawData[RAW_DATA_LEN]={8954, 4470, 558, 558, 558, 1674, 582, 534, 554, 562, 558, 558, 558, 558, 558, 558, 582, 1650, 554, 1674, 582, 534, 558, 1674, 558, 1674, 554, 558, 558, 1674, 582, 1650, 554, 562, 554, 1678, 578, 1654, 554, 1670, 586, 1650, 554, 558, 558, 1678, 574, 538, 554, 1678, 554, 558, 558, 562, 554, 558, 558, 562, 554, 1674, 582, 534, 558, 1674, 558, 558, 582, 1000};

LED TIMER OFF
#define RAW_DATA_LEN 68
uint16_t rawData[RAW_DATA_LEN]={8954, 4470, 558, 562, 554, 1678, 554, 558, 558, 558, 558, 558, 558, 558, 558, 558, 558, 1674, 558, 1670, 558, 558, 558, 1678, 554, 1670, 558, 558, 586, 1646, 558, 1674, 554, 562, 554, 1674, 558, 1674, 554, 1674, 558, 1674, 582, 534, 582, 1646, 558, 558, 558, 1674, 558, 558, 558, 558, 558, 558, 558, 558, 558, 1674, 582, 534, 554, 1674, 558, 558, 558, 1000};

LED LOWER
#define RAW_DATA_LEN 68
uint16_t rawData[RAW_DATA_LEN]={8954, 4474, 554, 558, 558, 1674, 554, 562, 558, 558, 558, 558, 558, 558, 558, 558, 558, 1674, 558, 1670, 558, 558, 558, 1674, 554, 1678, 554, 558, 558, 1674, 554, 1678, 554, 558, 558, 1674, 554, 1674, 558, 558, 582, 1650, 554, 1678, 578, 1650, 554, 562, 554, 1678, 554, 558, 586, 534, 578, 1650, 558, 558, 558, 558, 558, 558, 558, 1674, 554, 562, 554, 1000};

LED HIGHER
#define RAW_DATA_LEN 68
uint16_t rawData[RAW_DATA_LEN]={8958, 4474, 554, 558, 558, 1678, 554, 558, 558, 558, 558, 558, 558, 558, 558, 558, 558, 1674, 558, 1674, 554, 562, 554, 1674, 558, 1674, 558, 558, 554, 1678, 554, 1674, 558, 558, 558, 558, 558, 1670, 558, 558, 558, 1670, 562, 1674, 554, 1674, 582, 534, 558, 1674, 582, 1650, 554, 558, 558, 1674, 558, 558, 558, 558, 558, 558, 558, 1674, 558, 558, 558, 1000};


---------------------------------------


###LUMINOUS R1 (STORAGE ROOM)
LED ON FULL
#define RAW_DATA_LEN 68
uint16_t rawData[RAW_DATA_LEN]={8422, 4606, 598, 1698, 570, 590, 570, 590, 566, 590, 570, 542, 614, 594, 566, 590, 566, 594, 570, 586, 574, 590, 570, 590, 566, 590, 566, 1726, 570, 590, 566, 1726, 570, 1730, 570, 590, 566, 594, 566, 590, 570, 590, 570, 590, 566, 1730, 566, 590, 570, 590, 574, 1718, 570, 1730, 566, 1722, 566, 1730, 566, 1730, 586, 566, 570, 1726, 594, 1702, 570, 1000};

LED ON NIGHT
#define RAW_DATA_LEN 68
uint16_t rawData[RAW_DATA_LEN]={8418, 4626, 598, 1726, 574, 586, 578, 586, 574, 586, 574, 586, 574, 586, 574, 590, 574, 590, 574, 586, 574, 590, 574, 586, 574, 586, 574, 1726, 574, 590, 574, 1718, 574, 1722, 574, 1726, 574, 1718, 574, 582, 578, 586, 574, 586, 578, 1722, 574, 582, 578, 590, 574, 586, 574, 590, 574, 1722, 574, 1726, 574, 1722, 574, 590, 574, 1718, 594, 1670, 602, 1000};

LED OFF
#define RAW_DATA_LEN 68
uint16_t rawData[RAW_DATA_LEN]={8414, 4594, 618, 1682, 610, 574, 586, 574, 582, 578, 582, 574, 582, 578, 582, 574, 582, 582, 582, 578, 578, 578, 582, 578, 578, 582, 578, 1710, 578, 586, 574, 1714, 574, 1718, 594, 1674, 598, 1722, 574, 590, 574, 586, 574, 582, 574, 1718, 574, 586, 574, 590, 574, 586, 574, 586, 574, 1714, 574, 1722, 574, 1714, 574, 582, 574, 1722, 574, 1718, 578, 1000};


---------------------------------------


###TOSHIBA FRC-203T (KITCHEN ROOM)
LED ON FULL
#define RAW_DATA_LEN 68
uint16_t rawData[RAW_DATA_LEN]={10246, 5118, 682, 1870, 682, 1874, 682, 1874, 678, 630, 654, 618, 650, 1878, 682, 1874, 698, 1862, 682, 618, 654, 622, 646, 1886, 678, 1878, 694, 606, 654, 626, 646, 634, 610, 674, 586, 1934, 678, 1878, 678, 1874, 682, 626, 654, 1874, 702, 602, 650, 626, 614, 1926, 678, 614, 650, 630, 614, 662, 586, 1946, 678, 622, 650, 1878, 682, 1874, 682, 618, 666, 1000};

LED ON LOW
#define RAW_DATA_LEN 68
uint16_t rawData[RAW_DATA_LEN]={10250, 5118, 634, 1918, 634, 1922, 630, 1926, 630, 650, 630, 642, 634, 1926, 630, 1926, 630, 1930, 630, 638, 634, 646, 634, 1922, 630, 1926, 630, 646, 634, 642, 634, 646, 630, 654, 634, 634, 634, 1926, 630, 646, 630, 650, 630, 642, 634, 1950, 606, 646, 630, 1930, 630, 1918, 634, 646, 630, 1922, 634, 1926, 630, 1922, 634, 642, 634, 1922, 630, 642, 642, 1000};

LED ON NIGHT
#define RAW_DATA_LEN 68
uint16_t rawData[RAW_DATA_LEN]={10250, 5118, 678, 1874, 678, 1878, 678, 1878, 610, 694, 614, 638, 634, 1922, 654, 1898, 634, 1926, 634, 638, 634, 646, 630, 1926, 630, 1926, 634, 642, 630, 646, 634, 642, 634, 654, 634, 1938, 630, 1902, 630, 1922, 634, 1930, 626, 642, 634, 650, 630, 642, 634, 1934, 626, 638, 634, 646, 634, 642, 634, 646, 634, 1918, 634, 1922, 634, 1926, 654, 618, 666, 1000};

LED TIMER 30
#define RAW_DATA_LEN 68
uint16_t rawData[RAW_DATA_LEN]={10314, 5054, 654, 1898, 658, 1902, 654, 1898, 658, 626, 630, 642, 634, 1922, 654, 1898, 658, 1906, 654, 618, 658, 618, 634, 1922, 654, 1902, 634, 666, 610, 642, 638, 638, 638, 650, 634, 638, 634, 642, 634, 1922, 634, 650, 654, 618, 658, 614, 638, 646, 634, 1926, 630, 1918, 630, 1950, 582, 694, 634, 1902, 626, 1922, 610, 1950, 606, 1946, 610, 690, 670, 1000};

LED TIMER 60
#define RAW_DATA_LEN 68
uint16_t rawData[RAW_DATA_LEN]={10250, 5118, 678, 1874, 678, 1878, 682, 1874, 678, 626, 654, 622, 650, 1882, 678, 1874, 678, 1882, 682, 618, 654, 622, 650, 1882, 678, 1878, 682, 618, 654, 626, 646, 630, 586, 702, 586, 682, 586, 690, 586, 1946, 678, 626, 650, 626, 614, 662, 586, 694, 586, 1950, 678, 1866, 682, 1874, 682, 622, 654, 1878, 682, 1870, 682, 1874, 682, 1874, 682, 618, 662, 1000};

LED TIMER OFF
#define RAW_DATA_LEN 68
uint16_t rawData[RAW_DATA_LEN]={10274, 5094, 674, 1878, 674, 1878, 678, 1878, 678, 630, 654, 622, 654, 1870, 678, 1878, 678, 1886, 678, 622, 650, 626, 650, 1878, 678, 1878, 678, 626, 650, 626, 678, 602, 654, 630, 654, 618, 654, 622, 654, 1874, 678, 630, 654, 622, 650, 626, 654, 622, 658, 1878, 678, 1870, 678, 1878, 678, 626, 654, 1878, 674, 1878, 678, 1878, 674, 1882, 674, 626, 622, 1000};

LED OFF
#define RAW_DATA_LEN 68
uint16_t rawData[RAW_DATA_LEN]={10274, 5094, 674, 1874, 678, 1882, 674, 1878, 674, 634, 650, 622, 654, 1874, 678, 1882, 674, 1886, 674, 622, 654, 630, 650, 1870, 678, 1882, 678, 626, 654, 622, 678, 602, 678, 606, 654, 1866, 678, 1874, 678, 630, 654, 1878, 678, 622, 678, 602, 662, 614, 658, 1874, 682, 618, 654, 626, 654, 1870, 682, 626, 654, 1874, 678, 1874, 678, 1878, 678, 622, 662, 1000};


---------------------------------------


###HITACHI IR-A05HR (RITHEA ROOM)
LED ON
#define RAW_DATA_LEN 180
uint16_t rawData[RAW_DATA_LEN]={3414, 1666, 430, 1266, 426, 418, 426, 422, 450, 394, 426, 422, 430, 414, 458, 390, 454, 394, 426, 418, 426, 422, 430, 414, 426, 422, 426, 1266, 402, 446, 422, 426, 450, 390, 430, 418, 426, 418, 454, 394, 426, 422, 426, 1266, 426, 1266, 426, 418, 426, 426, 422, 422, 450, 394, 426, 418, 454, 394, 426, 1266, 426, 418, 430, 1262, 430, 418, 426, 1262, 434, 1262, 426, 1266, 426, 1266, 426, 418, 430, 1262, 430, 418, 426, 1266, 426, 418, 426, 422, 430, 414, 430, 418, 426, 422, 398, 446, 454, 394, 430, 414, 430, 1262, 426, 1266, 426, 1266, 426, 1266, 426, 1266, 426, 1266, 426, 1266, 426, 1266, 426, 422, 426, 1262, 430, 422, 422, 418, 430, 422, 430, 410, 430, 418, 426, 422, 430, 1262, 426, 418, 402, 1290, 454, 1238, 430, 1262, 426, 1266, 430, 1262, 430, 1262, 426, 422, 426, 1266, 426, 418, 430, 418, 422, 422, 430, 418, 426, 1266, 426, 1266, 454, 1238, 426, 422, 426, 1262, 426, 1266, 430, 1262, 426, 1266, 430, 418, 426, 422, 426, 1000};

LED OFF
#define RAW_DATA_LEN 180
uint16_t rawData[RAW_DATA_LEN]={3434, 1642, 430, 1266, 426, 418, 450, 394, 430, 422, 398, 446, 430, 418, 430, 418, 426, 418, 426, 418, 426, 422, 430, 418, 426, 418, 430, 1262, 454, 390, 426, 422, 402, 446, 422, 422, 430, 418, 426, 418, 430, 418, 422, 1270, 402, 1286, 406, 442, 430, 418, 398, 450, 422, 426, 450, 390, 430, 422, 422, 1266, 426, 422, 426, 1262, 426, 422, 402, 1290, 430, 1262, 426, 1266, 402, 1290, 426, 422, 422, 1270, 426, 422, 426, 1262, 426, 422, 450, 398, 426, 418, 430, 418, 454, 390, 426, 422, 402, 446, 426, 418, 430, 1262, 426, 1266, 426, 1266, 426, 1262, 430, 1266, 426, 1266, 426, 1266, 402, 1290, 426, 1266, 430, 1262, 426, 418, 402, 446, 454, 390, 454, 394, 430, 418, 426, 418, 454, 394, 422, 422, 430, 1262, 430, 1266, 426, 1262, 426, 1266, 426, 1266, 426, 1266, 430, 418, 426, 1266, 398, 446, 430, 418, 430, 418, 422, 422, 430, 1262, 426, 1266, 426, 1266, 426, 418, 430, 1262, 430, 1262, 430, 1262, 454, 1242, 426, 418, 454, 394, 426, 1000};

LED ON NIGHT
#define RAW_DATA_LEN 180
uint16_t rawData[RAW_DATA_LEN]={3478, 1602, 430, 1262, 426, 418, 430, 414, 438, 410, 430, 414, 434, 414, 434, 414, 430, 418, 454, 390, 434, 410, 458, 390, 430, 418, 430, 1258, 430, 418, 430, 414, 434, 414, 458, 386, 430, 418, 434, 410, 434, 418, 430, 1258, 430, 1262, 430, 414, 458, 390, 430, 418, 430, 414, 434, 414, 458, 386, 438, 1254, 434, 414, 430, 1262, 454, 390, 434, 1258, 430, 1262, 430, 1262, 434, 1258, 430, 418, 454, 1238, 430, 414, 434, 1258, 434, 414, 434, 414, 450, 394, 434, 414, 430, 414, 434, 410, 438, 410, 438, 410, 434, 1258, 434, 1258, 430, 1258, 430, 1266, 430, 1262, 430, 1258, 458, 1234, 434, 1262, 430, 1262, 454, 390, 434, 414, 434, 1258, 430, 414, 410, 438, 430, 418, 458, 386, 434, 414, 434, 1258, 430, 1262, 430, 414, 438, 1254, 434, 1258, 430, 1262, 434, 1258, 430, 414, 434, 1258, 434, 414, 430, 418, 434, 410, 434, 410, 462, 1230, 434, 1258, 434, 1262, 430, 414, 434, 1262, 426, 1262, 434, 1258, 434, 1258, 430, 414, 438, 414, 434, 1000};

LED ON A WHITE
#define RAW_DATA_LEN 180
uint16_t rawData[RAW_DATA_LEN]={3442, 1634, 458, 1238, 422, 426, 430, 414, 430, 414, 430, 418, 402, 446, 450, 394, 430, 418, 430, 418, 422, 422, 450, 398, 426, 418, 450, 1242, 426, 418, 430, 418, 430, 418, 430, 414, 454, 394, 426, 422, 426, 418, 450, 1238, 402, 1294, 430, 414, 430, 418, 426, 422, 422, 422, 426, 422, 426, 422, 422, 1266, 430, 418, 426, 1262, 430, 418, 426, 1266, 454, 1238, 402, 1290, 426, 1266, 426, 418, 426, 1266, 430, 418, 430, 1262, 426, 418, 430, 418, 426, 422, 426, 418, 426, 422, 426, 418, 430, 442, 374, 446, 426, 1266, 430, 1262, 430, 1266, 422, 1266, 426, 1266, 430, 1262, 426, 1266, 430, 1262, 426, 422, 426, 1262, 430, 418, 426, 1266, 426, 422, 426, 418, 426, 422, 426, 418, 426, 1266, 426, 422, 430, 1258, 434, 418, 450, 1238, 430, 1262, 426, 1266, 454, 1238, 426, 422, 422, 1266, 430, 418, 426, 418, 430, 1262, 454, 1238, 430, 1262, 426, 1266, 426, 1266, 426, 422, 426, 1262, 430, 1266, 426, 418, 426, 418, 426, 422, 426, 426, 422, 1000};

LED ON LIGHT ORANGE
#define RAW_DATA_LEN 180
uint16_t rawData[RAW_DATA_LEN]={3438, 1642, 426, 1266, 426, 418, 430, 418, 426, 418, 426, 422, 450, 394, 430, 422, 450, 394, 426, 418, 430, 414, 406, 470, 402, 418, 426, 1266, 426, 418, 430, 418, 426, 418, 430, 418, 426, 418, 430, 418, 426, 422, 398, 1290, 430, 1262, 426, 422, 454, 390, 430, 418, 430, 414, 426, 422, 426, 418, 430, 1266, 402, 442, 426, 1266, 426, 422, 430, 1262, 426, 1262, 434, 1262, 426, 1262, 454, 394, 430, 1262, 430, 418, 426, 1266, 398, 446, 454, 390, 430, 418, 430, 418, 426, 418, 430, 418, 402, 446, 422, 422, 426, 1266, 422, 1270, 426, 1266, 426, 1266, 426, 1266, 426, 1266, 422, 1270, 426, 1266, 426, 1266, 422, 422, 426, 446, 402, 1262, 434, 414, 402, 446, 430, 418, 398, 446, 426, 422, 426, 1266, 426, 1262, 430, 418, 402, 1290, 430, 1262, 426, 1266, 426, 1266, 426, 418, 430, 1262, 426, 422, 426, 418, 430, 1262, 426, 1266, 430, 1262, 430, 1266, 398, 1290, 402, 446, 422, 1270, 426, 1262, 426, 422, 398, 446, 430, 418, 402, 446, 426, 1000};

LED ON DARK ORANGE
#define RAW_DATA_LEN 180
uint16_t rawData[RAW_DATA_LEN]={3442, 1638, 426, 1266, 430, 414, 442, 410, 422, 422, 426, 418, 426, 422, 426, 418, 426, 422, 426, 418, 454, 394, 402, 446, 426, 418, 426, 1266, 426, 422, 426, 418, 426, 422, 426, 418, 426, 422, 426, 418, 430, 418, 422, 1270, 426, 1266, 426, 418, 430, 418, 426, 418, 430, 418, 430, 418, 422, 426, 426, 1262, 426, 418, 434, 1258, 426, 422, 426, 1266, 430, 1262, 402, 1290, 422, 1266, 402, 450, 422, 1266, 402, 446, 426, 1262, 430, 418, 426, 422, 422, 422, 426, 422, 426, 422, 422, 422, 426, 422, 426, 418, 454, 1238, 398, 1290, 430, 1262, 430, 1262, 430, 1266, 422, 1266, 426, 1266, 430, 1266, 422, 422, 426, 422, 426, 418, 426, 1266, 454, 390, 430, 418, 402, 446, 426, 418, 426, 1266, 430, 1262, 426, 1266, 402, 442, 430, 1262, 430, 1262, 426, 1266, 430, 1262, 426, 426, 418, 1270, 426, 418, 430, 418, 426, 1266, 426, 1266, 426, 1262, 430, 1266, 426, 1266, 422, 422, 422, 1270, 454, 1238, 426, 422, 398, 450, 422, 422, 426, 422, 426, 1000};

LED ON SO ORANGE
#define RAW_DATA_LEN 180
uint16_t rawData[RAW_DATA_LEN]={3410, 1670, 402, 1290, 430, 418, 458, 386, 454, 394, 430, 418, 426, 418, 426, 418, 454, 418, 374, 450, 426, 418, 426, 422, 398, 446, 398, 1294, 398, 446, 426, 426, 422, 422, 422, 422, 426, 422, 450, 398, 422, 422, 426, 1266, 422, 1270, 430, 414, 454, 394, 454, 390, 426, 422, 426, 418, 426, 422, 426, 1266, 426, 418, 426, 1266, 426, 422, 426, 1286, 406, 1266, 426, 1262, 430, 1266, 450, 394, 426, 1266, 426, 422, 422, 1266, 430, 418, 426, 418, 426, 422, 426, 442, 402, 422, 426, 418, 454, 394, 426, 422, 422, 1266, 426, 1266, 426, 1266, 426, 1266, 426, 1266, 426, 1266, 430, 1262, 422, 1270, 426, 1266, 426, 1262, 430, 1266, 422, 422, 426, 422, 454, 394, 422, 422, 426, 418, 426, 422, 426, 422, 426, 422, 418, 1270, 422, 1266, 430, 1266, 398, 1294, 422, 1270, 422, 422, 402, 1290, 426, 422, 422, 426, 422, 1266, 422, 1270, 426, 1266, 426, 1266, 398, 1294, 398, 450, 422, 1266, 426, 1270, 422, 422, 426, 442, 402, 426, 418, 426, 402, 1000};


---------------------------------------


###TOSHIBA AC (RITHEA ROOM)
AC ON COLD
#define RAW_DATA_LEN 300
uint16_t rawData[RAW_DATA_LEN]={4350, 4430, 498, 1650, 502, 1650, 494, 582, 522, 550, 522, 550, 526, 550, 498, 1634, 514, 582, 522, 550, 498, 578, 522, 1626, 522, 1630, 518, 1630, 522, 1626, 498, 578, 518, 1630, 494, 1658, 518, 554, 498, 1630, 542, 1630, 526, 1622, 518, 1606, 550, 1626, 522, 1626, 494, 582, 494, 1654, 494, 582, 494, 578, 522, 554, 494, 578, 522, 554, 498, 578, 518, 558, 494, 1654, 494, 1654, 518, 558, 494, 582, 522, 550, 498, 578, 494, 602, 498, 1630, 518, 554, 502, 574, 498, 1650, 498, 1654, 494, 1654, 494, 1654, 498, 1654, 494, 5246, 4350, 4430, 494, 1654, 494, 1658, 494, 578, 522, 554, 518, 558, 518, 558, 514, 1630, 498, 582, 490, 582, 522, 554, 518, 1626, 498, 1654, 494, 1658, 518, 1630, 494, 582, 494, 1654, 494, 1658, 514, 558, 494, 1654, 518, 1634, 494, 1630, 518, 1658, 514, 1630, 522, 1630, 490, 582, 518, 1634, 494, 582, 490, 606, 494, 558, 542, 530, 494, 582, 518, 558, 490, 582, 494, 1682, 470, 1658, 490, 578, 494, 606, 498, 554, 518, 558, 514, 558, 494, 1654, 498, 582, 514, 558, 494, 1654, 494, 1662, 490, 1678, 494, 1630, 494, 1658, 518, 5218, 4350, 4430, 494, 1658, 494, 1654, 494, 582, 494, 1658, 490, 582, 494, 1654, 494, 582, 518, 1630, 522, 554, 494, 1654, 494, 1682, 466, 582, 494, 582, 494, 1658, 514, 1658, 466, 582, 514, 562, 490, 586, 514, 1634, 514, 562, 490, 586, 514, 582, 466, 582, 494, 582, 494, 606, 466, 586, 490, 582, 490, 586, 490, 610, 466, 582, 490, 586, 490, 582, 494, 610, 462, 586, 514, 558, 518, 582, 490, 562, 490, 586, 514, 558, 518, 558, 490, 610, 466, 1658, 490, 582, 494, 1658, 514, 1634, 514, 562, 490, 1658, 490, 1658, 494, 1000};

AC ON HOT
#define RAW_DATA_LEN 300
uint16_t rawData[RAW_DATA_LEN]={4370, 4410, 518, 1630, 494, 1686, 490, 558, 518, 582, 494, 554, 494, 606, 466, 1686, 462, 610, 466, 610, 466, 582, 490, 1658, 494, 1658, 514, 1658, 470, 1654, 514, 586, 466, 1662, 510, 1638, 514, 558, 494, 1654, 494, 1658, 490, 1658, 490, 1658, 494, 1658, 490, 1658, 494, 606, 466, 1686, 462, 610, 466, 634, 466, 582, 466, 610, 478, 574, 490, 606, 494, 582, 466, 1682, 466, 1710, 442, 582, 490, 1658, 490, 1662, 490, 610, 462, 610, 466, 1658, 494, 606, 490, 586, 462, 1662, 490, 582, 494, 610, 462, 1686, 462, 1686, 466, 5274, 4294, 4486, 466, 1682, 490, 1662, 490, 558, 490, 610, 466, 610, 462, 586, 490, 1686, 466, 606, 466, 610, 466, 582, 494, 1682, 466, 1658, 490, 1710, 442, 1682, 466, 610, 466, 1682, 466, 1682, 490, 562, 490, 1710, 466, 1630, 518, 1686, 462, 1686, 438, 1682, 490, 1658, 470, 610, 462, 1710, 462, 562, 490, 610, 466, 610, 462, 582, 498, 634, 462, 582, 466, 610, 466, 1686, 462, 1658, 494, 586, 486, 1686, 466, 1686, 462, 610, 466, 610, 466, 1682, 466, 610, 462, 666, 410, 1710, 438, 662, 414, 610, 466, 1682, 466, 1686, 462, 5278, 4314, 4494, 434, 1738, 414, 1710, 438, 662, 390, 1710, 462, 662, 410, 1686, 466, 610, 466, 1682, 466, 610, 466, 1682, 466, 1662, 486, 610, 462, 666, 410, 1686, 466, 1710, 438, 662, 442, 554, 490, 610, 490, 1686, 442, 606, 466, 610, 466, 634, 466, 582, 466, 610, 466, 610, 462, 614, 466, 606, 466, 610, 466, 606, 490, 582, 470, 606, 470, 606, 466, 610, 466, 582, 490, 586, 490, 634, 442, 634, 442, 634, 434, 1686, 442, 662, 414, 658, 442, 1710, 438, 610, 466, 1682, 438, 1738, 438, 1710, 414, 658, 442, 1682, 466, 1000};

AC OFF
#define RAW_DATA_LEN 200
uint16_t rawData[RAW_DATA_LEN]={4346, 4434, 494, 1654, 494, 1654, 494, 586, 518, 554, 518, 582, 494, 554, 494, 1654, 518, 558, 518, 558, 490, 586, 490, 1654, 490, 1662, 494, 1654, 494, 1634, 514, 610, 466, 1658, 518, 554, 494, 1658, 514, 1658, 470, 1678, 470, 1658, 514, 562, 490, 1658, 518, 1630, 494, 1658, 514, 558, 490, 586, 490, 606, 466, 582, 494, 1658, 490, 586, 490, 610, 466, 1658, 490, 1658, 518, 1634, 518, 582, 462, 614, 462, 582, 494, 610, 486, 562, 490, 586, 490, 578, 498, 582, 490, 1658, 514, 1634, 490, 1686, 466, 1662, 486, 1686, 466, 5246, 4346, 4434, 522, 1630, 490, 1682, 466, 586, 490, 610, 490, 558, 514, 586, 466, 1658, 490, 582, 494, 586, 514, 582, 470, 1654, 494, 1682, 466, 1658, 490, 1662, 486, 586, 490, 1686, 466, 606, 466, 1658, 494, 1658, 490, 1682, 466, 1658, 490, 586, 514, 1658, 470, 1682, 462, 1662, 490, 586, 490, 582, 490, 610, 466, 610, 466, 1682, 466, 582, 494, 610, 462, 1686, 466, 1662, 510, 1658, 466, 610, 466, 586, 490, 606, 470, 606, 490, 586, 466, 582, 514, 586, 466, 610, 466, 1682, 490, 1634, 490, 1686, 462, 1686, 466, 1658, 490, 1000};





